            1 | 12685667803   | 66.568
           12 | 2944202040    | 15.450
           28 | 2494445870    | 13.090
           16 | 300881976     | 1.579
           15 | 297697507     | 1.562
           33 | 158056018     | 0.829
          255 | 71053709      | 0.373
            6 | 67842736      | 0.356
            2 | 17754049      | 0.093
           99 | 10966314      | 0.058
            5 | 2328266       | 0.012
           38 | 2116616       | 0.011
           43 | 1901983       | 0.010
           35 | 1378898       | 0.007
        32769 | 381123        | 0.002
           48 | 123445        | 0.001
           10 | 10148         | 0.000
           18 | 4315          | 0.000
           46 | 3277          | 0.000
           13 | 1478          | 0.000
           51 | 821           | 0.000
        13172 | 446           | 0.000
           65 | 334           | 0.000
         3001 | 274           | 0.000
           19 | 240           | 0.000
         1169 | 141           | 0.000
           11 | 141           | 0.000
            0 | 118           | 0.000
           25 | 93            | 0.000
           44 | 88            | 0.000
        65468 | 83            | 0.000
           22 | 39            | 0.000
         6913 | 37            | 0.000
           29 | 35            | 0.000
        49314 | 8             | 0.000
        62321 | 7             | 0.000
           14 | 7             | 0.000
           47 | 6             | 0.000
           23 | 5             | 0.000
          221 | 5             | 0.000
           45 | 4             | 0.000
        25355 | 4             | 0.000
        49432 | 3             | 0.000
        49380 | 3             | 0.000
        49244 | 3             | 0.000
            4 | 3             | 0.000
        29244 | 3             | 0.000
        28145 | 3             | 0.000
         7096 | 2             | 0.000
           64 | 2             | 0.000
        63736 | 2             | 0.000
        62660 | 2             | 0.000
        59883 | 2             | 0.000
        56711 | 2             | 0.000
        55916 | 2             | 0.000
        54055 | 2             | 0.000
        53489 | 2             | 0.000
          512 | 2             | 0.000
        49931 | 2             | 0.000
         4959 | 2             | 0.000
        49328 | 2             | 0.000
        49164 | 2             | 0.000
        49146 | 2             | 0.000
        48024 | 2             | 0.000
        47749 | 2             | 0.000
        47386 | 2             | 0.000
        45548 | 2             | 0.000
        44960 | 2             | 0.000
         4469 | 2             | 0.000
        43232 | 2             | 0.000
        42632 | 2             | 0.000
        40960 | 2             | 0.000
        37888 | 2             | 0.000
        36332 | 2             | 0.000
        36245 | 2             | 0.000
        29412 | 2             | 0.000
        28260 | 2             | 0.000
        25955 | 2             | 0.000
        25912 | 2             | 0.000
        25889 | 2             | 0.000
          257 | 2             | 0.000
          256 | 2             | 0.000
        24622 | 2             | 0.000
        24464 | 2             | 0.000
        24148 | 2             | 0.000
        22538 | 2             | 0.000
        19521 | 2             | 0.000
          188 | 2             | 0.000
        17932 | 2             | 0.000
          174 | 2             | 0.000
        17408 | 2             | 0.000
        17314 | 2             | 0.000
           17 | 2             | 0.000
        16239 | 2             | 0.000
        16171 | 2             | 0.000
         9968 | 1             | 0.000
         9941 | 1             | 0.000
         9934 | 1             | 0.000
         9929 | 1             | 0.000
          992 | 1             | 0.000
         9862 | 1             | 0.000
          979 | 1             | 0.000
         9746 | 1             | 0.000
         9740 | 1             | 0.000
         9705 | 1             | 0.000
         9622 | 1             | 0.000
         9601 | 1             | 0.000
         9599 | 1             | 0.000
         9579 | 1             | 0.000
         9555 | 1             | 0.000
         9535 | 1             | 0.000
         9495 | 1             | 0.000
         9494 | 1             | 0.000
         9481 | 1             | 0.000
         9431 | 1             | 0.000
         9426 | 1             | 0.000
         9341 | 1             | 0.000
         9306 | 1             | 0.000
         9301 | 1             | 0.000
         9246 | 1             | 0.000
          924 | 1             | 0.000
         9200 | 1             | 0.000
         9194 | 1             | 0.000
         9184 | 1             | 0.000
         9138 | 1             | 0.000
         9125 | 1             | 0.000
          912 | 1             | 0.000
         9075 | 1             | 0.000
         9054 | 1             | 0.000
         9037 | 1             | 0.000
          903 | 1             | 0.000
         9001 | 1             | 0.000
         8994 | 1             | 0.000
         8906 | 1             | 0.000
         8882 | 1             | 0.000
         8860 | 1             | 0.000
         8844 | 1             | 0.000
         8826 | 1             | 0.000
         8824 | 1             | 0.000
         8813 | 1             | 0.000
          878 | 1             | 0.000
         8762 | 1             | 0.000
           87 | 1             | 0.000
         8682 | 1             | 0.000
         8664 | 1             | 0.000
         8635 | 1             | 0.000
         8619 | 1             | 0.000
          858 | 1             | 0.000
         8525 | 1             | 0.000
         8514 | 1             | 0.000
         8461 | 1             | 0.000
         8452 | 1             | 0.000
         8411 | 1             | 0.000
         8398 | 1             | 0.000
           83 | 1             | 0.000
          830 | 1             | 0.000
         8282 | 1             | 0.000
         8220 | 1             | 0.000
         8217 | 1             | 0.000
         8193 | 1             | 0.000
         8153 | 1             | 0.000
         8122 | 1             | 0.000
          812 | 1             | 0.000
         8108 | 1             | 0.000
         7949 | 1             | 0.000
         7927 | 1             | 0.000
         7901 | 1             | 0.000
          786 | 1             | 0.000
         7857 | 1             | 0.000
         7804 | 1             | 0.000
         7781 | 1             | 0.000
         7736 | 1             | 0.000
         7695 | 1             | 0.000
         7553 | 1             | 0.000
         7541 | 1             | 0.000
           75 | 1             | 0.000
         7509 | 1             | 0.000
         7411 | 1             | 0.000
         7399 | 1             | 0.000
         7347 | 1             | 0.000
         7282 | 1             | 0.000
         7274 | 1             | 0.000
          727 | 1             | 0.000
         7244 | 1             | 0.000
         7200 | 1             | 0.000
         7195 | 1             | 0.000
         7194 | 1             | 0.000
          719 | 1             | 0.000
         7163 | 1             | 0.000
         7160 | 1             | 0.000
         7144 | 1             | 0.000
          714 | 1             | 0.000
         7134 | 1             | 0.000
            7 | 1             | 0.000
         7097 | 1             | 0.000
         7084 | 1             | 0.000
         7061 | 1             | 0.000
         7060 | 1             | 0.000
           70 | 1             | 0.000
         6973 | 1             | 0.000
         6962 | 1             | 0.000
         6961 | 1             | 0.000
         6933 | 1             | 0.000
         6855 | 1             | 0.000
         6772 | 1             | 0.000
         6733 | 1             | 0.000
         6706 | 1             | 0.000
         6693 | 1             | 0.000
         6689 | 1             | 0.000
         6656 | 1             | 0.000
         6563 | 1             | 0.000
        65534 | 1             | 0.000
        65527 | 1             | 0.000
        65477 | 1             | 0.000
        65443 | 1             | 0.000
         6533 | 1             | 0.000
        65289 | 1             | 0.000
        65288 | 1             | 0.000
         6525 | 1             | 0.000
        65244 | 1             | 0.000
        65222 | 1             | 0.000
        65141 | 1             | 0.000
        65095 | 1             | 0.000
        65055 | 1             | 0.000
        65054 | 1             | 0.000
        64923 | 1             | 0.000
        64917 | 1             | 0.000
        64913 | 1             | 0.000
        64882 | 1             | 0.000
        64844 | 1             | 0.000
        64818 | 1             | 0.000
        64815 | 1             | 0.000
        64759 | 1             | 0.000
        64690 | 1             | 0.000
        64673 | 1             | 0.000
        64654 | 1             | 0.000
        64639 | 1             | 0.000
        64567 | 1             | 0.000
         6452 | 1             | 0.000
        64456 | 1             | 0.000
        64438 | 1             | 0.000
        64356 | 1             | 0.000
        64318 | 1             | 0.000
        64289 | 1             | 0.000
        64229 | 1             | 0.000
        64225 | 1             | 0.000
        64194 | 1             | 0.000
        64193 | 1             | 0.000
        64159 | 1             | 0.000
        64139 | 1             | 0.000
        64126 | 1             | 0.000
        64098 | 1             | 0.000
        64089 | 1             | 0.000
        64042 | 1             | 0.000
        63949 | 1             | 0.000
        63931 | 1             | 0.000
        63906 | 1             | 0.000
         6387 | 1             | 0.000
        63848 | 1             | 0.000
         6384 | 1             | 0.000
        63835 | 1             | 0.000
         6382 | 1             | 0.000
         6380 | 1             | 0.000
        63786 | 1             | 0.000
        63731 | 1             | 0.000
        63729 | 1             | 0.000
        63723 | 1             | 0.000
        63721 | 1             | 0.000
        63625 | 1             | 0.000
        63548 | 1             | 0.000
         6353 | 1             | 0.000
         6351 | 1             | 0.000
        63495 | 1             | 0.000
        63487 | 1             | 0.000
        63459 | 1             | 0.000
        63434 | 1             | 0.000
         6339 | 1             | 0.000
        63371 | 1             | 0.000
         6334 | 1             | 0.000
        63320 | 1             | 0.000
        63248 | 1             | 0.000
        63245 | 1             | 0.000
        63222 | 1             | 0.000
        63197 | 1             | 0.000
        63189 | 1             | 0.000
        63112 | 1             | 0.000
         6309 | 1             | 0.000
        63084 | 1             | 0.000
        63036 | 1             | 0.000
        63031 | 1             | 0.000
        63030 | 1             | 0.000
        63027 | 1             | 0.000
        62985 | 1             | 0.000
        62977 | 1             | 0.000
        62970 | 1             | 0.000
        62959 | 1             | 0.000
        62878 | 1             | 0.000
        62790 | 1             | 0.000
         6278 | 1             | 0.000
        62758 | 1             | 0.000
        62742 | 1             | 0.000
        62713 | 1             | 0.000
        62678 | 1             | 0.000
         6264 | 1             | 0.000
        62624 | 1             | 0.000
        62618 | 1             | 0.000
        62561 | 1             | 0.000
        62529 | 1             | 0.000
        62508 | 1             | 0.000
        62466 | 1             | 0.000
        62451 | 1             | 0.000
        62411 | 1             | 0.000
         6240 | 1             | 0.000
        62355 | 1             | 0.000
        62347 | 1             | 0.000
         6233 | 1             | 0.000
        62304 | 1             | 0.000
        62282 | 1             | 0.000
        62272 | 1             | 0.000
        62267 | 1             | 0.000
        62240 | 1             | 0.000
        62231 | 1             | 0.000
         6223 | 1             | 0.000
        62189 | 1             | 0.000
        62176 | 1             | 0.000
        62142 | 1             | 0.000
        62080 | 1             | 0.000
        62038 | 1             | 0.000
         6198 | 1             | 0.000
        61941 | 1             | 0.000
         6194 | 1             | 0.000
        61937 | 1             | 0.000
        61913 | 1             | 0.000
        61894 | 1             | 0.000
         6188 | 1             | 0.000
         6187 | 1             | 0.000
        61857 | 1             | 0.000
        61835 | 1             | 0.000
        61767 | 1             | 0.000
        61743 | 1             | 0.000
        61680 | 1             | 0.000
        61673 | 1             | 0.000
        61672 | 1             | 0.000
        61605 | 1             | 0.000
         6155 | 1             | 0.000
        61489 | 1             | 0.000
        61458 | 1             | 0.000
        61421 | 1             | 0.000
        61412 | 1             | 0.000
         6141 | 1             | 0.000
        61399 | 1             | 0.000
        61366 | 1             | 0.000
         6134 | 1             | 0.000
        61331 | 1             | 0.000
        61312 | 1             | 0.000
         6128 | 1             | 0.000
        61246 | 1             | 0.000
         6124 | 1             | 0.000
        61179 | 1             | 0.000
        61172 | 1             | 0.000
        61127 | 1             | 0.000
        61089 | 1             | 0.000
        61082 | 1             | 0.000
        61051 | 1             | 0.000
          610 | 1             | 0.000
        60936 | 1             | 0.000
        60935 | 1             | 0.000
        60911 | 1             | 0.000
        60829 | 1             | 0.000
         6080 | 1             | 0.000
        60777 | 1             | 0.000
        60755 | 1             | 0.000
        60731 | 1             | 0.000
        60716 | 1             | 0.000
        60711 | 1             | 0.000
        60706 | 1             | 0.000
        60588 | 1             | 0.000
        60579 | 1             | 0.000
        60570 | 1             | 0.000
        60555 | 1             | 0.000
        60528 | 1             | 0.000
        60527 | 1             | 0.000
        60516 | 1             | 0.000
        60501 | 1             | 0.000
        60482 | 1             | 0.000
        60454 | 1             | 0.000
         6043 | 1             | 0.000
        60382 | 1             | 0.000
        60349 | 1             | 0.000
        60283 | 1             | 0.000
        60280 | 1             | 0.000
        60258 | 1             | 0.000
        60194 | 1             | 0.000
        60192 | 1             | 0.000
        60182 | 1             | 0.000
        60159 | 1             | 0.000
        60110 | 1             | 0.000
        60096 | 1             | 0.000
        60066 | 1             | 0.000
         6001 | 1             | 0.000
        59973 | 1             | 0.000
        59890 | 1             | 0.000
        59855 | 1             | 0.000
        59777 | 1             | 0.000
        59775 | 1             | 0.000
        59717 | 1             | 0.000
        59712 | 1             | 0.000
        59697 | 1             | 0.000
        59613 | 1             | 0.000
        59600 | 1             | 0.000
        59597 | 1             | 0.000
        59562 | 1             | 0.000
        59546 | 1             | 0.000
        59472 | 1             | 0.000
        59470 | 1             | 0.000
        59433 | 1             | 0.000
        59428 | 1             | 0.000
         5941 | 1             | 0.000
        59393 | 1             | 0.000
        59330 | 1             | 0.000
        59324 | 1             | 0.000
        59321 | 1             | 0.000
        59246 | 1             | 0.000
        59238 | 1             | 0.000
        59139 | 1             | 0.000
        59113 | 1             | 0.000
        59059 | 1             | 0.000
         5900 | 1             | 0.000
        58959 | 1             | 0.000
        58890 | 1             | 0.000
        58852 | 1             | 0.000
        58843 | 1             | 0.000
         5884 | 1             | 0.000
        58803 | 1             | 0.000
        58801 | 1             | 0.000
        58782 | 1             | 0.000
        58732 | 1             | 0.000
        58689 | 1             | 0.000
        58686 | 1             | 0.000
        58685 | 1             | 0.000
        58667 | 1             | 0.000
        58639 | 1             | 0.000
        58636 | 1             | 0.000
        58585 | 1             | 0.000
        58580 | 1             | 0.000
        58550 | 1             | 0.000
         5852 | 1             | 0.000
        58356 | 1             | 0.000
        58327 | 1             | 0.000
        58322 | 1             | 0.000
        58299 | 1             | 0.000
        58244 | 1             | 0.000
        58156 | 1             | 0.000
        58121 | 1             | 0.000
        58043 | 1             | 0.000
        57941 | 1             | 0.000
         5794 | 1             | 0.000
        57856 | 1             | 0.000
        57849 | 1             | 0.000
        57836 | 1             | 0.000
         5783 | 1             | 0.000
        57764 | 1             | 0.000
        57732 | 1             | 0.000
        57721 | 1             | 0.000
        57708 | 1             | 0.000
         5770 | 1             | 0.000
        57663 | 1             | 0.000
        57661 | 1             | 0.000
        57643 | 1             | 0.000
        57599 | 1             | 0.000
        57597 | 1             | 0.000
        57592 | 1             | 0.000
        57591 | 1             | 0.000
        57584 | 1             | 0.000
        57572 | 1             | 0.000
        57571 | 1             | 0.000
        57564 | 1             | 0.000
        57540 | 1             | 0.000
        57526 | 1             | 0.000
         5745 | 1             | 0.000
         5739 | 1             | 0.000
        57319 | 1             | 0.000
         5729 | 1             | 0.000
        57280 | 1             | 0.000
        57249 | 1             | 0.000
        57229 | 1             | 0.000
         5722 | 1             | 0.000
        57212 | 1             | 0.000
        57207 | 1             | 0.000
        57145 | 1             | 0.000
        57137 | 1             | 0.000
        57125 | 1             | 0.000
        57117 | 1             | 0.000
         5710 | 1             | 0.000
        57059 | 1             | 0.000
        57051 | 1             | 0.000
        57047 | 1             | 0.000
        57026 | 1             | 0.000
        56906 | 1             | 0.000
        56861 | 1             | 0.000
        56811 | 1             | 0.000
        56727 | 1             | 0.000
        56706 | 1             | 0.000
        56696 | 1             | 0.000
        56692 | 1             | 0.000
        56683 | 1             | 0.000
        56632 | 1             | 0.000
        56617 | 1             | 0.000
        56575 | 1             | 0.000
        56538 | 1             | 0.000
        56466 | 1             | 0.000
        56464 | 1             | 0.000
        56454 | 1             | 0.000
        56435 | 1             | 0.000
        56417 | 1             | 0.000
         5641 | 1             | 0.000
        56404 | 1             | 0.000
         5640 | 1             | 0.000
         5637 | 1             | 0.000
        56288 | 1             | 0.000
        56171 | 1             | 0.000
         5612 | 1             | 0.000
        56052 | 1             | 0.000
        56045 | 1             | 0.000
        55979 | 1             | 0.000
        55978 | 1             | 0.000
        55974 | 1             | 0.000
        55966 | 1             | 0.000
        55959 | 1             | 0.000
        55933 | 1             | 0.000
        55917 | 1             | 0.000
        55869 | 1             | 0.000
        55856 | 1             | 0.000
         5576 | 1             | 0.000
        55760 | 1             | 0.000
        55694 | 1             | 0.000
        55692 | 1             | 0.000
        55688 | 1             | 0.000
        55673 | 1             | 0.000
        55652 | 1             | 0.000
        55645 | 1             | 0.000
        55609 | 1             | 0.000
        55602 | 1             | 0.000
        55596 | 1             | 0.000
        55547 | 1             | 0.000
         5554 | 1             | 0.000
        55535 | 1             | 0.000
         5552 | 1             | 0.000
        55511 | 1             | 0.000
        55499 | 1             | 0.000
         5549 | 1             | 0.000
         5548 | 1             | 0.000
        55454 | 1             | 0.000
        55412 | 1             | 0.000
         5541 | 1             | 0.000
        55402 | 1             | 0.000
        55359 | 1             | 0.000
        55233 | 1             | 0.000
        55206 | 1             | 0.000
         5520 | 1             | 0.000
        55182 | 1             | 0.000
        55178 | 1             | 0.000
        55051 | 1             | 0.000
        55050 | 1             | 0.000
        55036 | 1             | 0.000
        55020 | 1             | 0.000
        54982 | 1             | 0.000
        54927 | 1             | 0.000
        54874 | 1             | 0.000
        54830 | 1             | 0.000
        54753 | 1             | 0.000
        54748 | 1             | 0.000
        54736 | 1             | 0.000
         5473 | 1             | 0.000
        54659 | 1             | 0.000
        54599 | 1             | 0.000
        54598 | 1             | 0.000
        54590 | 1             | 0.000
        54579 | 1             | 0.000
        54483 | 1             | 0.000
         5448 | 1             | 0.000
        54446 | 1             | 0.000
        54444 | 1             | 0.000
        54433 | 1             | 0.000
        54385 | 1             | 0.000
          543 | 1             | 0.000
         5429 | 1             | 0.000
          542 | 1             | 0.000
        54157 | 1             | 0.000
        54153 | 1             | 0.000
        54120 | 1             | 0.000
        54111 | 1             | 0.000
        54103 | 1             | 0.000
        54085 | 1             | 0.000
         5408 | 1             | 0.000
        54030 | 1             | 0.000
        54025 | 1             | 0.000
        54021 | 1             | 0.000
        54013 | 1             | 0.000
        54009 | 1             | 0.000
        53967 | 1             | 0.000
        53953 | 1             | 0.000
        53918 | 1             | 0.000
        53890 | 1             | 0.000
        53864 | 1             | 0.000
        53854 | 1             | 0.000
         5384 | 1             | 0.000
        53830 | 1             | 0.000
         5379 | 1             | 0.000
          537 | 1             | 0.000
        53702 | 1             | 0.000
         5365 | 1             | 0.000
        53627 | 1             | 0.000
        53609 | 1             | 0.000
        53581 | 1             | 0.000
        53551 | 1             | 0.000
        53483 | 1             | 0.000
        53434 | 1             | 0.000
        53414 | 1             | 0.000
        53392 | 1             | 0.000
        53383 | 1             | 0.000
        53352 | 1             | 0.000
        53337 | 1             | 0.000
        53252 | 1             | 0.000
        53235 | 1             | 0.000
        53205 | 1             | 0.000
        53187 | 1             | 0.000
        53164 | 1             | 0.000
        53120 | 1             | 0.000
        53056 | 1             | 0.000
        52988 | 1             | 0.000
        52971 | 1             | 0.000
        52957 | 1             | 0.000
        52913 | 1             | 0.000
        52900 | 1             | 0.000
        52895 | 1             | 0.000
        52884 | 1             | 0.000
        52865 | 1             | 0.000
        52855 | 1             | 0.000
        52822 | 1             | 0.000
        52801 | 1             | 0.000
         5280 | 1             | 0.000
        52791 | 1             | 0.000
        52773 | 1             | 0.000
         5276 | 1             | 0.000
        52759 | 1             | 0.000
        52746 | 1             | 0.000
        52717 | 1             | 0.000
        52689 | 1             | 0.000
        52653 | 1             | 0.000
        52622 | 1             | 0.000
         5258 | 1             | 0.000
        52579 | 1             | 0.000
        52554 | 1             | 0.000
        52528 | 1             | 0.000
        52481 | 1             | 0.000
        52451 | 1             | 0.000
        52417 | 1             | 0.000
        52399 | 1             | 0.000
        52389 | 1             | 0.000
         5237 | 1             | 0.000
        52369 | 1             | 0.000
        52360 | 1             | 0.000
        52341 | 1             | 0.000
        52316 | 1             | 0.000
         5230 | 1             | 0.000
        52298 | 1             | 0.000
        52282 | 1             | 0.000
        52242 | 1             | 0.000
        52168 | 1             | 0.000
        52162 | 1             | 0.000
        52161 | 1             | 0.000
        52142 | 1             | 0.000
        52134 | 1             | 0.000
        52112 | 1             | 0.000
        52111 | 1             | 0.000
         5210 | 1             | 0.000
        52097 | 1             | 0.000
        52072 | 1             | 0.000
        52061 | 1             | 0.000
        52050 | 1             | 0.000
          519 | 1             | 0.000
        51900 | 1             | 0.000
        51882 | 1             | 0.000
        51878 | 1             | 0.000
        51852 | 1             | 0.000
        51815 | 1             | 0.000
        51811 | 1             | 0.000
        51791 | 1             | 0.000
        51784 | 1             | 0.000
        51711 | 1             | 0.000
        51687 | 1             | 0.000
        51601 | 1             | 0.000
        51498 | 1             | 0.000
        51486 | 1             | 0.000
        51456 | 1             | 0.000
        51444 | 1             | 0.000
        51361 | 1             | 0.000
        51346 | 1             | 0.000
         5132 | 1             | 0.000
        51211 | 1             | 0.000
        51208 | 1             | 0.000
        51152 | 1             | 0.000
         5115 | 1             | 0.000
        51143 | 1             | 0.000
        51125 | 1             | 0.000
        51029 | 1             | 0.000
        51004 | 1             | 0.000
        50993 | 1             | 0.000
        50960 | 1             | 0.000
        50910 | 1             | 0.000
         5090 | 1             | 0.000
        50889 | 1             | 0.000
        50876 | 1             | 0.000
         5087 | 1             | 0.000
        50847 | 1             | 0.000
        50831 | 1             | 0.000
        50777 | 1             | 0.000
        50735 | 1             | 0.000
        50677 | 1             | 0.000
        50643 | 1             | 0.000
        50614 | 1             | 0.000
        50568 | 1             | 0.000
        50565 | 1             | 0.000
        50550 | 1             | 0.000
        50543 | 1             | 0.000
        50525 | 1             | 0.000
        50503 | 1             | 0.000
        50458 | 1             | 0.000
        50426 | 1             | 0.000
        50352 | 1             | 0.000
        50293 | 1             | 0.000
        50188 | 1             | 0.000
        50176 | 1             | 0.000
        50165 | 1             | 0.000
        50133 | 1             | 0.000
        50124 | 1             | 0.000
        50109 | 1             | 0.000
        50039 | 1             | 0.000
        50008 | 1             | 0.000
        49946 | 1             | 0.000
        49851 | 1             | 0.000
         4985 | 1             | 0.000
        49801 | 1             | 0.000
        49776 | 1             | 0.000
        49745 | 1             | 0.000
        49739 | 1             | 0.000
        49712 | 1             | 0.000
        49700 | 1             | 0.000
         4968 | 1             | 0.000
        49642 | 1             | 0.000
        49534 | 1             | 0.000
        49520 | 1             | 0.000
        49509 | 1             | 0.000
        49499 | 1             | 0.000
        49408 | 1             | 0.000
         4938 | 1             | 0.000
        49338 | 1             | 0.000
         4925 | 1             | 0.000
        49238 | 1             | 0.000
        49169 | 1             | 0.000
        49159 | 1             | 0.000
        49104 | 1             | 0.000
        49078 | 1             | 0.000
        49062 | 1             | 0.000
        49021 | 1             | 0.000
        49018 | 1             | 0.000
        49003 | 1             | 0.000
        48983 | 1             | 0.000
        48969 | 1             | 0.000
        48902 | 1             | 0.000
        48900 | 1             | 0.000
        48898 | 1             | 0.000
        48896 | 1             | 0.000
        48874 | 1             | 0.000
        48843 | 1             | 0.000
        48771 | 1             | 0.000
        48758 | 1             | 0.000
        48755 | 1             | 0.000
        48706 | 1             | 0.000
        48637 | 1             | 0.000
        48561 | 1             | 0.000
        48556 | 1             | 0.000
        48512 | 1             | 0.000
        48498 | 1             | 0.000
        48496 | 1             | 0.000
        48378 | 1             | 0.000
        48339 | 1             | 0.000
        48278 | 1             | 0.000
        48268 | 1             | 0.000
        48265 | 1             | 0.000
        48259 | 1             | 0.000
        48184 | 1             | 0.000
        48132 | 1             | 0.000
        48104 | 1             | 0.000
        48031 | 1             | 0.000
        47992 | 1             | 0.000
        47986 | 1             | 0.000
        47907 | 1             | 0.000
        47894 | 1             | 0.000
        47882 | 1             | 0.000
        47855 | 1             | 0.000
        47812 | 1             | 0.000
        47771 | 1             | 0.000
        47769 | 1             | 0.000
        47750 | 1             | 0.000
        47726 | 1             | 0.000
        47725 | 1             | 0.000
        47684 | 1             | 0.000
        47677 | 1             | 0.000
        47654 | 1             | 0.000
        47597 | 1             | 0.000
        47531 | 1             | 0.000
        47473 | 1             | 0.000
        47425 | 1             | 0.000
        47390 | 1             | 0.000
        47371 | 1             | 0.000
         4737 | 1             | 0.000
        47345 | 1             | 0.000
        47301 | 1             | 0.000
        47276 | 1             | 0.000
        47213 | 1             | 0.000
        47210 | 1             | 0.000
        47111 | 1             | 0.000
        47063 | 1             | 0.000
        47014 | 1             | 0.000
        47010 | 1             | 0.000
        46932 | 1             | 0.000
        46923 | 1             | 0.000
        46881 | 1             | 0.000
        46850 | 1             | 0.000
        46841 | 1             | 0.000
        46833 | 1             | 0.000
        46805 | 1             | 0.000
        46789 | 1             | 0.000
        46785 | 1             | 0.000
        46740 | 1             | 0.000
        46717 | 1             | 0.000
        46707 | 1             | 0.000
        46703 | 1             | 0.000
        46680 | 1             | 0.000
        46638 | 1             | 0.000
        46601 | 1             | 0.000
        46557 | 1             | 0.000
        46473 | 1             | 0.000
        46438 | 1             | 0.000
        46418 | 1             | 0.000
        46413 | 1             | 0.000
        46390 | 1             | 0.000
        46385 | 1             | 0.000
        46301 | 1             | 0.000
        46226 | 1             | 0.000
        46162 | 1             | 0.000
        46137 | 1             | 0.000
        46086 | 1             | 0.000
         4598 | 1             | 0.000
        45976 | 1             | 0.000
        45940 | 1             | 0.000
        45929 | 1             | 0.000
        45918 | 1             | 0.000
        45882 | 1             | 0.000
        45880 | 1             | 0.000
        45849 | 1             | 0.000
        45828 | 1             | 0.000
        45789 | 1             | 0.000
        45714 | 1             | 0.000
        45698 | 1             | 0.000
        45695 | 1             | 0.000
        45653 | 1             | 0.000
        45636 | 1             | 0.000
        45626 | 1             | 0.000
        45625 | 1             | 0.000
        45590 | 1             | 0.000
        45587 | 1             | 0.000
         4556 | 1             | 0.000
        45545 | 1             | 0.000
        45536 | 1             | 0.000
         4547 | 1             | 0.000
        45369 | 1             | 0.000
         4533 | 1             | 0.000
        45314 | 1             | 0.000
        45281 | 1             | 0.000
        45203 | 1             | 0.000
        45198 | 1             | 0.000
        45188 | 1             | 0.000
        45169 | 1             | 0.000
        45154 | 1             | 0.000
        45135 | 1             | 0.000
        45119 | 1             | 0.000
        45057 | 1             | 0.000
        45041 | 1             | 0.000
        45010 | 1             | 0.000
        44997 | 1             | 0.000
        44992 | 1             | 0.000
        44955 | 1             | 0.000
        44947 | 1             | 0.000
        44932 | 1             | 0.000
         4493 | 1             | 0.000
        44922 | 1             | 0.000
        44907 | 1             | 0.000
        44901 | 1             | 0.000
        44891 | 1             | 0.000
        44885 | 1             | 0.000
        44872 | 1             | 0.000
        44847 | 1             | 0.000
        44788 | 1             | 0.000
        44781 | 1             | 0.000
        44770 | 1             | 0.000
        44760 | 1             | 0.000
         4472 | 1             | 0.000
        44717 | 1             | 0.000
        44699 | 1             | 0.000
        44660 | 1             | 0.000
        44633 | 1             | 0.000
        44554 | 1             | 0.000
        44518 | 1             | 0.000
        44462 | 1             | 0.000
         4445 | 1             | 0.000
        44450 | 1             | 0.000
         4439 | 1             | 0.000
        44384 | 1             | 0.000
        44332 | 1             | 0.000
        44301 | 1             | 0.000
        44241 | 1             | 0.000
        44238 | 1             | 0.000
          442 | 1             | 0.000
        44165 | 1             | 0.000
        44131 | 1             | 0.000
        44112 | 1             | 0.000
        44108 | 1             | 0.000
        44086 | 1             | 0.000
        44059 | 1             | 0.000
        44011 | 1             | 0.000
        43983 | 1             | 0.000
         4398 | 1             | 0.000
         4397 | 1             | 0.000
         4395 | 1             | 0.000
        43920 | 1             | 0.000
        43912 | 1             | 0.000
        43858 | 1             | 0.000
        43844 | 1             | 0.000
        43792 | 1             | 0.000
        43791 | 1             | 0.000
        43786 | 1             | 0.000
        43682 | 1             | 0.000
         4368 | 1             | 0.000
        43643 | 1             | 0.000
        43602 | 1             | 0.000
        43586 | 1             | 0.000
        43538 | 1             | 0.000
        43523 | 1             | 0.000
        43522 | 1             | 0.000
        43394 | 1             | 0.000
        43378 | 1             | 0.000
         4335 | 1             | 0.000
        43281 | 1             | 0.000
        43236 | 1             | 0.000
        43188 | 1             | 0.000
        43154 | 1             | 0.000
        43137 | 1             | 0.000
        43109 | 1             | 0.000
        43098 | 1             | 0.000
        43092 | 1             | 0.000
        43079 | 1             | 0.000
        43076 | 1             | 0.000
        43018 | 1             | 0.000
        42999 | 1             | 0.000
        42997 | 1             | 0.000
        42974 | 1             | 0.000
        42947 | 1             | 0.000
        42942 | 1             | 0.000
        42920 | 1             | 0.000
        42917 | 1             | 0.000
        42912 | 1             | 0.000
        42895 | 1             | 0.000
        42881 | 1             | 0.000
        42855 | 1             | 0.000
         4285 | 1             | 0.000
        42837 | 1             | 0.000
        42799 | 1             | 0.000
        42790 | 1             | 0.000
        42785 | 1             | 0.000
        42771 | 1             | 0.000
         4269 | 1             | 0.000
        42535 | 1             | 0.000
        42523 | 1             | 0.000
        42515 | 1             | 0.000
        42468 | 1             | 0.000
        42377 | 1             | 0.000
         4236 | 1             | 0.000
        42296 | 1             | 0.000
        42290 | 1             | 0.000
         4228 | 1             | 0.000
        42177 | 1             | 0.000
         4217 | 1             | 0.000
        42152 | 1             | 0.000
        42150 | 1             | 0.000
        42110 | 1             | 0.000
         4207 | 1             | 0.000
        42027 | 1             | 0.000
        42005 | 1             | 0.000
        41997 | 1             | 0.000
        41995 | 1             | 0.000
        41984 | 1             | 0.000
        41932 | 1             | 0.000
        41918 | 1             | 0.000
         4185 | 1             | 0.000
        41795 | 1             | 0.000
        41770 | 1             | 0.000
        41717 | 1             | 0.000
        41711 | 1             | 0.000
        41705 | 1             | 0.000
        41696 | 1             | 0.000
         4169 | 1             | 0.000
        41615 | 1             | 0.000
         4143 | 1             | 0.000
        41418 | 1             | 0.000
        41416 | 1             | 0.000
         4131 | 1             | 0.000
        41289 | 1             | 0.000
        41280 | 1             | 0.000
        41271 | 1             | 0.000
        41244 | 1             | 0.000
        41224 | 1             | 0.000
        41217 | 1             | 0.000
        41205 | 1             | 0.000
        41182 | 1             | 0.000
        41166 | 1             | 0.000
        41071 | 1             | 0.000
         4105 | 1             | 0.000
        41042 | 1             | 0.000
         4104 | 1             | 0.000
        41017 | 1             | 0.000
        40988 | 1             | 0.000
        40978 | 1             | 0.000
        40952 | 1             | 0.000
        40890 | 1             | 0.000
        40845 | 1             | 0.000
        40707 | 1             | 0.000
        40655 | 1             | 0.000
        40615 | 1             | 0.000
        40529 | 1             | 0.000
          405 | 1             | 0.000
        40504 | 1             | 0.000
        40489 | 1             | 0.000
        40474 | 1             | 0.000
        40462 | 1             | 0.000
        40442 | 1             | 0.000
        40441 | 1             | 0.000
        40394 | 1             | 0.000
        40379 | 1             | 0.000
        40314 | 1             | 0.000
        40265 | 1             | 0.000
        40247 | 1             | 0.000
        40229 | 1             | 0.000
        40210 | 1             | 0.000
        40202 | 1             | 0.000
        40178 | 1             | 0.000
        40175 | 1             | 0.000
        40167 | 1             | 0.000
        40160 | 1             | 0.000
        40150 | 1             | 0.000
        40115 | 1             | 0.000
        40052 | 1             | 0.000
        40036 | 1             | 0.000
        39947 | 1             | 0.000
        39931 | 1             | 0.000
        39927 | 1             | 0.000
          399 | 1             | 0.000
        39878 | 1             | 0.000
        39871 | 1             | 0.000
        39785 | 1             | 0.000
        39730 | 1             | 0.000
        39724 | 1             | 0.000
         3971 | 1             | 0.000
        39625 | 1             | 0.000
        39601 | 1             | 0.000
        39563 | 1             | 0.000
        39543 | 1             | 0.000
        39464 | 1             | 0.000
         3941 | 1             | 0.000
        39391 | 1             | 0.000
        39384 | 1             | 0.000
        39383 | 1             | 0.000
        39362 | 1             | 0.000
         3932 | 1             | 0.000
         3929 | 1             | 0.000
        39249 | 1             | 0.000
        39184 | 1             | 0.000
        39168 | 1             | 0.000
         3915 | 1             | 0.000
        39128 | 1             | 0.000
         3911 | 1             | 0.000
        39050 | 1             | 0.000
        38979 | 1             | 0.000
        38973 | 1             | 0.000
        38965 | 1             | 0.000
        38939 | 1             | 0.000
        38935 | 1             | 0.000
        38878 | 1             | 0.000
        38862 | 1             | 0.000
        38856 | 1             | 0.000
        38800 | 1             | 0.000
        38796 | 1             | 0.000
        38774 | 1             | 0.000
        38759 | 1             | 0.000
        38756 | 1             | 0.000
        38645 | 1             | 0.000
        38628 | 1             | 0.000
        38619 | 1             | 0.000
        38596 | 1             | 0.000
        38594 | 1             | 0.000
        38587 | 1             | 0.000
        38573 | 1             | 0.000
        38540 | 1             | 0.000
        38503 | 1             | 0.000
        38491 | 1             | 0.000
        38439 | 1             | 0.000
         3840 | 1             | 0.000
        38347 | 1             | 0.000
        38320 | 1             | 0.000
        38319 | 1             | 0.000
        38311 | 1             | 0.000
        38262 | 1             | 0.000
        38258 | 1             | 0.000
        38252 | 1             | 0.000
        38235 | 1             | 0.000
        38216 | 1             | 0.000
         3819 | 1             | 0.000
        38165 | 1             | 0.000
        38150 | 1             | 0.000
        38130 | 1             | 0.000
        38119 | 1             | 0.000
        38105 | 1             | 0.000
        38058 | 1             | 0.000
        38035 | 1             | 0.000
        38022 | 1             | 0.000
        37985 | 1             | 0.000
        37977 | 1             | 0.000
        37962 | 1             | 0.000
        37949 | 1             | 0.000
        37912 | 1             | 0.000
        37898 | 1             | 0.000
        37895 | 1             | 0.000
        37738 | 1             | 0.000
        37728 | 1             | 0.000
        37677 | 1             | 0.000
        37644 | 1             | 0.000
        37620 | 1             | 0.000
        37470 | 1             | 0.000
        37461 | 1             | 0.000
        37382 | 1             | 0.000
        37371 | 1             | 0.000
        37324 | 1             | 0.000
        37273 | 1             | 0.000
        37245 | 1             | 0.000
        37235 | 1             | 0.000
        37231 | 1             | 0.000
           37 | 1             | 0.000
        36980 | 1             | 0.000
        36972 | 1             | 0.000
        36898 | 1             | 0.000
        36864 | 1             | 0.000
        36848 | 1             | 0.000
        36813 | 1             | 0.000
        36732 | 1             | 0.000
        36702 | 1             | 0.000
        36681 | 1             | 0.000
        36630 | 1             | 0.000
        36601 | 1             | 0.000
        36553 | 1             | 0.000
        36542 | 1             | 0.000
        36516 | 1             | 0.000
        36509 | 1             | 0.000
        36500 | 1             | 0.000
        36462 | 1             | 0.000
        36444 | 1             | 0.000
        36406 | 1             | 0.000
         3639 | 1             | 0.000
        36217 | 1             | 0.000
        36209 | 1             | 0.000
         3618 | 1             | 0.000
        36164 | 1             | 0.000
         3616 | 1             | 0.000
           36 | 1             | 0.000
        36041 | 1             | 0.000
        36032 | 1             | 0.000
        35926 | 1             | 0.000
        35913 | 1             | 0.000
        35899 | 1             | 0.000
        35896 | 1             | 0.000
        35866 | 1             | 0.000
         3585 | 1             | 0.000
        35837 | 1             | 0.000
         3576 | 1             | 0.000
        35730 | 1             | 0.000
        35719 | 1             | 0.000
        35648 | 1             | 0.000
        35594 | 1             | 0.000
        35571 | 1             | 0.000
        35489 | 1             | 0.000
        35412 | 1             | 0.000
        35403 | 1             | 0.000
        35401 | 1             | 0.000
        35389 | 1             | 0.000
         3538 | 1             | 0.000
        35354 | 1             | 0.000
        35340 | 1             | 0.000
        35296 | 1             | 0.000
         3524 | 1             | 0.000
        35184 | 1             | 0.000
        35153 | 1             | 0.000
        35125 | 1             | 0.000
        35107 | 1             | 0.000
        35104 | 1             | 0.000
        35067 | 1             | 0.000
         3502 | 1             | 0.000
        34990 | 1             | 0.000
         3497 | 1             | 0.000
        34962 | 1             | 0.000
        34908 | 1             | 0.000
        34859 | 1             | 0.000
        34856 | 1             | 0.000
         3475 | 1             | 0.000
        34714 | 1             | 0.000
        34702 | 1             | 0.000
        34635 | 1             | 0.000
        34607 | 1             | 0.000
        34605 | 1             | 0.000
        34554 | 1             | 0.000
        34534 | 1             | 0.000
        34514 | 1             | 0.000
        34512 | 1             | 0.000
        34480 | 1             | 0.000
        34444 | 1             | 0.000
        34440 | 1             | 0.000
        34409 | 1             | 0.000
        34355 | 1             | 0.000
        34324 | 1             | 0.000
        34318 | 1             | 0.000
        34295 | 1             | 0.000
        34291 | 1             | 0.000
        34276 | 1             | 0.000
        34220 | 1             | 0.000
        34201 | 1             | 0.000
        34164 | 1             | 0.000
        34115 | 1             | 0.000
         3407 | 1             | 0.000
        34036 | 1             | 0.000
        34014 | 1             | 0.000
        33987 | 1             | 0.000
        33962 | 1             | 0.000
         3395 | 1             | 0.000
        33877 | 1             | 0.000
        33843 | 1             | 0.000
        33825 | 1             | 0.000
        33819 | 1             | 0.000
        33813 | 1             | 0.000
        33734 | 1             | 0.000
        33730 | 1             | 0.000
        33680 | 1             | 0.000
        33589 | 1             | 0.000
        33583 | 1             | 0.000
        33581 | 1             | 0.000
        33565 | 1             | 0.000
        33535 | 1             | 0.000
        33514 | 1             | 0.000
        33502 | 1             | 0.000
        33489 | 1             | 0.000
        33461 | 1             | 0.000
        33451 | 1             | 0.000
        33440 | 1             | 0.000
        33402 | 1             | 0.000
        33388 | 1             | 0.000
        33374 | 1             | 0.000
         3336 | 1             | 0.000
         3333 | 1             | 0.000
         3328 | 1             | 0.000
        33165 | 1             | 0.000
        33116 | 1             | 0.000
        33115 | 1             | 0.000
        33065 | 1             | 0.000
         3305 | 1             | 0.000
        33010 | 1             | 0.000
         3299 | 1             | 0.000
        32971 | 1             | 0.000
        32965 | 1             | 0.000
        32905 | 1             | 0.000
        32896 | 1             | 0.000
        32842 | 1             | 0.000
        32837 | 1             | 0.000
        32746 | 1             | 0.000
        32684 | 1             | 0.000
        32590 | 1             | 0.000
        32586 | 1             | 0.000
        32530 | 1             | 0.000
        32509 | 1             | 0.000
        32503 | 1             | 0.000
         3250 | 1             | 0.000
        32498 | 1             | 0.000
        32487 | 1             | 0.000
        32438 | 1             | 0.000
        32383 | 1             | 0.000
        32331 | 1             | 0.000
        32281 | 1             | 0.000
        32249 | 1             | 0.000
        32151 | 1             | 0.000
        32149 | 1             | 0.000
        32113 | 1             | 0.000
        32104 | 1             | 0.000
        32089 | 1             | 0.000
        32040 | 1             | 0.000
        32031 | 1             | 0.000
        32019 | 1             | 0.000
        31979 | 1             | 0.000
         3195 | 1             | 0.000
        31940 | 1             | 0.000
        31808 | 1             | 0.000
        31788 | 1             | 0.000
        31726 | 1             | 0.000
        31724 | 1             | 0.000
        31722 | 1             | 0.000
        31709 | 1             | 0.000
        31708 | 1             | 0.000
         3169 | 1             | 0.000
        31656 | 1             | 0.000
         3163 | 1             | 0.000
        31604 | 1             | 0.000
        31591 | 1             | 0.000
        31495 | 1             | 0.000
        31493 | 1             | 0.000
        31479 | 1             | 0.000
        31472 | 1             | 0.000
        31427 | 1             | 0.000
        31410 | 1             | 0.000
        31394 | 1             | 0.000
        31390 | 1             | 0.000
        31380 | 1             | 0.000
        31369 | 1             | 0.000
        31352 | 1             | 0.000
        31315 | 1             | 0.000
        31286 | 1             | 0.000
        31217 | 1             | 0.000
        31210 | 1             | 0.000
        31184 | 1             | 0.000
        31163 | 1             | 0.000
        31142 | 1             | 0.000
        31040 | 1             | 0.000
            3 | 1             | 0.000
        30942 | 1             | 0.000
        30886 | 1             | 0.000
        30878 | 1             | 0.000
        30868 | 1             | 0.000
         3086 | 1             | 0.000
        30813 | 1             | 0.000
        30790 | 1             | 0.000
         3076 | 1             | 0.000
        30732 | 1             | 0.000
        30723 | 1             | 0.000
        30639 | 1             | 0.000
        30622 | 1             | 0.000
        30611 | 1             | 0.000
        30609 | 1             | 0.000
         3057 | 1             | 0.000
        30568 | 1             | 0.000
        30465 | 1             | 0.000
        30463 | 1             | 0.000
         3046 | 1             | 0.000
        30423 | 1             | 0.000
        30395 | 1             | 0.000
        30342 | 1             | 0.000
        30298 | 1             | 0.000
        30245 | 1             | 0.000
        30238 | 1             | 0.000
         3019 | 1             | 0.000
        30092 | 1             | 0.000
        30027 | 1             | 0.000
        30026 | 1             | 0.000
        29996 | 1             | 0.000
        29989 | 1             | 0.000
        29923 | 1             | 0.000
        29818 | 1             | 0.000
        29816 | 1             | 0.000
        29809 | 1             | 0.000
        29724 | 1             | 0.000
        29674 | 1             | 0.000
        29541 | 1             | 0.000
        29524 | 1             | 0.000
        29423 | 1             | 0.000
        29419 | 1             | 0.000
        29358 | 1             | 0.000
        29344 | 1             | 0.000
        29339 | 1             | 0.000
        29194 | 1             | 0.000
        29155 | 1             | 0.000
         2915 | 1             | 0.000
        29150 | 1             | 0.000
        29083 | 1             | 0.000
        29050 | 1             | 0.000
        29034 | 1             | 0.000
        29004 | 1             | 0.000
        28995 | 1             | 0.000
         2894 | 1             | 0.000
        28922 | 1             | 0.000
        28921 | 1             | 0.000
        28850 | 1             | 0.000
        28785 | 1             | 0.000
        28780 | 1             | 0.000
        28769 | 1             | 0.000
         2873 | 1             | 0.000
        28700 | 1             | 0.000
        28678 | 1             | 0.000
        28640 | 1             | 0.000
        28627 | 1             | 0.000
        28620 | 1             | 0.000
        28614 | 1             | 0.000
          286 | 1             | 0.000
        28580 | 1             | 0.000
        28553 | 1             | 0.000
        28539 | 1             | 0.000
        28530 | 1             | 0.000
        28515 | 1             | 0.000
          285 | 1             | 0.000
        28476 | 1             | 0.000
         2846 | 1             | 0.000
        28455 | 1             | 0.000
        28445 | 1             | 0.000
        28428 | 1             | 0.000
        28402 | 1             | 0.000
        28309 | 1             | 0.000
        28294 | 1             | 0.000
        28275 | 1             | 0.000
        28227 | 1             | 0.000
        28070 | 1             | 0.000
        28057 | 1             | 0.000
        27946 | 1             | 0.000
          279 | 1             | 0.000
        27904 | 1             | 0.000
        27900 | 1             | 0.000
        27889 | 1             | 0.000
        27820 | 1             | 0.000
        27757 | 1             | 0.000
        27709 | 1             | 0.000
        27665 | 1             | 0.000
        27611 | 1             | 0.000
        27578 | 1             | 0.000
        27520 | 1             | 0.000
        27516 | 1             | 0.000
        27505 | 1             | 0.000
        27473 | 1             | 0.000
        27429 | 1             | 0.000
        27380 | 1             | 0.000
        27371 | 1             | 0.000
        27364 | 1             | 0.000
        27294 | 1             | 0.000
        27282 | 1             | 0.000
        27248 | 1             | 0.000
        27244 | 1             | 0.000
        27206 | 1             | 0.000
        27195 | 1             | 0.000
        27127 | 1             | 0.000
         2704 | 1             | 0.000
        27012 | 1             | 0.000
         2697 | 1             | 0.000
        26947 | 1             | 0.000
        26939 | 1             | 0.000
        26918 | 1             | 0.000
        26878 | 1             | 0.000
        26866 | 1             | 0.000
         2686 | 1             | 0.000
        26846 | 1             | 0.000
        26827 | 1             | 0.000
        26815 | 1             | 0.000
        26735 | 1             | 0.000
         2669 | 1             | 0.000
        26666 | 1             | 0.000
        26652 | 1             | 0.000
        26574 | 1             | 0.000
        26527 | 1             | 0.000
        26501 | 1             | 0.000
        26422 | 1             | 0.000
        26410 | 1             | 0.000
        26397 | 1             | 0.000
        26395 | 1             | 0.000
        26306 | 1             | 0.000
        26272 | 1             | 0.000
        26262 | 1             | 0.000
        26247 | 1             | 0.000
        26199 | 1             | 0.000
        26168 | 1             | 0.000
        26146 | 1             | 0.000
        26123 | 1             | 0.000
        26080 | 1             | 0.000
        26078 | 1             | 0.000
        26031 | 1             | 0.000
        25980 | 1             | 0.000
        25974 | 1             | 0.000
        25968 | 1             | 0.000
         2593 | 1             | 0.000
        25918 | 1             | 0.000
         2589 | 1             | 0.000
        25822 | 1             | 0.000
          258 | 1             | 0.000
        25782 | 1             | 0.000
        25769 | 1             | 0.000
        25745 | 1             | 0.000
         2571 | 1             | 0.000
        25697 | 1             | 0.000
        25689 | 1             | 0.000
        25676 | 1             | 0.000
        25666 | 1             | 0.000
        25645 | 1             | 0.000
        25535 | 1             | 0.000
        25453 | 1             | 0.000
        25447 | 1             | 0.000
        25427 | 1             | 0.000
         2535 | 1             | 0.000
        25275 | 1             | 0.000
        25249 | 1             | 0.000
        25248 | 1             | 0.000
        25198 | 1             | 0.000
        25192 | 1             | 0.000
        25177 | 1             | 0.000
        25167 | 1             | 0.000
        25159 | 1             | 0.000
        25132 | 1             | 0.000
        25070 | 1             | 0.000
        25007 | 1             | 0.000
        24944 | 1             | 0.000
        24893 | 1             | 0.000
        24875 | 1             | 0.000
        24868 | 1             | 0.000
         2481 | 1             | 0.000
        24785 | 1             | 0.000
        24782 | 1             | 0.000
        24771 | 1             | 0.000
        24732 | 1             | 0.000
        24660 | 1             | 0.000
        24656 | 1             | 0.000
         2464 | 1             | 0.000
         2459 | 1             | 0.000
        24541 | 1             | 0.000
        24536 | 1             | 0.000
        24452 | 1             | 0.000
        24381 | 1             | 0.000
        24338 | 1             | 0.000
        24253 | 1             | 0.000
        24218 | 1             | 0.000
        24209 | 1             | 0.000
        24162 | 1             | 0.000
        24126 | 1             | 0.000
        24032 | 1             | 0.000
        24027 | 1             | 0.000
        24017 | 1             | 0.000
        23994 | 1             | 0.000
        23915 | 1             | 0.000
        23838 | 1             | 0.000
        23811 | 1             | 0.000
        23765 | 1             | 0.000
        23734 | 1             | 0.000
        23668 | 1             | 0.000
        23651 | 1             | 0.000
        23634 | 1             | 0.000
        23512 | 1             | 0.000
        23467 | 1             | 0.000
        23450 | 1             | 0.000
        23390 | 1             | 0.000
        23317 | 1             | 0.000
        23314 | 1             | 0.000
        23292 | 1             | 0.000
        23271 | 1             | 0.000
        23262 | 1             | 0.000
        23188 | 1             | 0.000
        23161 | 1             | 0.000
        23090 | 1             | 0.000
        23083 | 1             | 0.000
        23051 | 1             | 0.000
        23028 | 1             | 0.000
        23003 | 1             | 0.000
        23002 | 1             | 0.000
        22933 | 1             | 0.000
        22884 | 1             | 0.000
        22860 | 1             | 0.000
        22829 | 1             | 0.000
        22814 | 1             | 0.000
        22785 | 1             | 0.000
        22746 | 1             | 0.000
        22658 | 1             | 0.000
        22639 | 1             | 0.000
        22631 | 1             | 0.000
        22590 | 1             | 0.000
        22536 | 1             | 0.000
        22502 | 1             | 0.000
        22434 | 1             | 0.000
        22378 | 1             | 0.000
        22313 | 1             | 0.000
        22308 | 1             | 0.000
        22305 | 1             | 0.000
        22272 | 1             | 0.000
        22261 | 1             | 0.000
        22240 | 1             | 0.000
        22232 | 1             | 0.000
        22226 | 1             | 0.000
        22225 | 1             | 0.000
        22220 | 1             | 0.000
         2221 | 1             | 0.000
        22184 | 1             | 0.000
        22177 | 1             | 0.000
        22169 | 1             | 0.000
        22152 | 1             | 0.000
        22142 | 1             | 0.000
        22127 | 1             | 0.000
        22121 | 1             | 0.000
        22063 | 1             | 0.000
        22040 | 1             | 0.000
        22034 | 1             | 0.000
        22029 | 1             | 0.000
        22013 | 1             | 0.000
        21875 | 1             | 0.000
        21743 | 1             | 0.000
        21706 | 1             | 0.000
         2170 | 1             | 0.000
        21610 | 1             | 0.000
        21605 | 1             | 0.000
        21598 | 1             | 0.000
        21595 | 1             | 0.000
        21594 | 1             | 0.000
        21576 | 1             | 0.000
        21460 | 1             | 0.000
        21404 | 1             | 0.000
        21328 | 1             | 0.000
         2131 | 1             | 0.000
        21299 | 1             | 0.000
        21273 | 1             | 0.000
         2126 | 1             | 0.000
        21241 | 1             | 0.000
        21172 | 1             | 0.000
        21121 | 1             | 0.000
           21 | 1             | 0.000
        21074 | 1             | 0.000
        21052 | 1             | 0.000
        21008 | 1             | 0.000
         2098 | 1             | 0.000
        20963 | 1             | 0.000
        20960 | 1             | 0.000
        20948 | 1             | 0.000
        20925 | 1             | 0.000
        20921 | 1             | 0.000
        20723 | 1             | 0.000
        20654 | 1             | 0.000
        20646 | 1             | 0.000
        20621 | 1             | 0.000
        20608 | 1             | 0.000
        20604 | 1             | 0.000
        20583 | 1             | 0.000
        20552 | 1             | 0.000
        20499 | 1             | 0.000
        20483 | 1             | 0.000
        20480 | 1             | 0.000
        20455 | 1             | 0.000
        20450 | 1             | 0.000
        20367 | 1             | 0.000
        20360 | 1             | 0.000
        20323 | 1             | 0.000
        20235 | 1             | 0.000
        20186 | 1             | 0.000
         2016 | 1             | 0.000
        20101 | 1             | 0.000
         2010 | 1             | 0.000
        20089 | 1             | 0.000
        20083 | 1             | 0.000
        20060 | 1             | 0.000
        20059 | 1             | 0.000
        20058 | 1             | 0.000
        20028 | 1             | 0.000
        20025 | 1             | 0.000
        19958 | 1             | 0.000
        19950 | 1             | 0.000
        19932 | 1             | 0.000
        19926 | 1             | 0.000
         1990 | 1             | 0.000
        19889 | 1             | 0.000
        19887 | 1             | 0.000
        19886 | 1             | 0.000
         1986 | 1             | 0.000
        19853 | 1             | 0.000
        19833 | 1             | 0.000
        19811 | 1             | 0.000
         1974 | 1             | 0.000
        19577 | 1             | 0.000
        19549 | 1             | 0.000
        19529 | 1             | 0.000
        19507 | 1             | 0.000
        19427 | 1             | 0.000
        19418 | 1             | 0.000
        19394 | 1             | 0.000
        19388 | 1             | 0.000
         1937 | 1             | 0.000
        19364 | 1             | 0.000
         1935 | 1             | 0.000
        19328 | 1             | 0.000
        19307 | 1             | 0.000
        19287 | 1             | 0.000
         1922 | 1             | 0.000
        19191 | 1             | 0.000
        19169 | 1             | 0.000
        19167 | 1             | 0.000
         1915 | 1             | 0.000
        19094 | 1             | 0.000
        19050 | 1             | 0.000
        19033 | 1             | 0.000
        19020 | 1             | 0.000
        19013 | 1             | 0.000
        19012 | 1             | 0.000
        19004 | 1             | 0.000
        18977 | 1             | 0.000
        18971 | 1             | 0.000
        18943 | 1             | 0.000
        18915 | 1             | 0.000
         1882 | 1             | 0.000
        18814 | 1             | 0.000
        18809 | 1             | 0.000
        18765 | 1             | 0.000
        18742 | 1             | 0.000
        18695 | 1             | 0.000
        18625 | 1             | 0.000
        18578 | 1             | 0.000
        18573 | 1             | 0.000
         1857 | 1             | 0.000
        18550 | 1             | 0.000
        18467 | 1             | 0.000
        18447 | 1             | 0.000
        18435 | 1             | 0.000
        18432 | 1             | 0.000
         1843 | 1             | 0.000
         1839 | 1             | 0.000
        18371 | 1             | 0.000
        18368 | 1             | 0.000
        18345 | 1             | 0.000
        18340 | 1             | 0.000
        18302 | 1             | 0.000
        18223 | 1             | 0.000
        18222 | 1             | 0.000
        18192 | 1             | 0.000
        18159 | 1             | 0.000
        18150 | 1             | 0.000
        18132 | 1             | 0.000
        18125 | 1             | 0.000
        18099 | 1             | 0.000
        18069 | 1             | 0.000
        18040 | 1             | 0.000
        18015 | 1             | 0.000
        17984 | 1             | 0.000
        17970 | 1             | 0.000
        17968 | 1             | 0.000
        17942 | 1             | 0.000
         1793 | 1             | 0.000
        17917 | 1             | 0.000
        17911 | 1             | 0.000
        17885 | 1             | 0.000
        17867 | 1             | 0.000
        17857 | 1             | 0.000
        17844 | 1             | 0.000
        17828 | 1             | 0.000
        17820 | 1             | 0.000
        17815 | 1             | 0.000
        17804 | 1             | 0.000
         1778 | 1             | 0.000
        17769 | 1             | 0.000
         1775 | 1             | 0.000
         1773 | 1             | 0.000
        17708 | 1             | 0.000
         1770 | 1             | 0.000
        17676 | 1             | 0.000
        17671 | 1             | 0.000
        17625 | 1             | 0.000
        17614 | 1             | 0.000
        17598 | 1             | 0.000
         1742 | 1             | 0.000
        17417 | 1             | 0.000
        17383 | 1             | 0.000
        17360 | 1             | 0.000
        17354 | 1             | 0.000
        17299 | 1             | 0.000
        17277 | 1             | 0.000
        17238 | 1             | 0.000
        17229 | 1             | 0.000
        17190 | 1             | 0.000
        17094 | 1             | 0.000
         1707 | 1             | 0.000
        17065 | 1             | 0.000
        17064 | 1             | 0.000
        17050 | 1             | 0.000
        16949 | 1             | 0.000
          169 | 1             | 0.000
        16878 | 1             | 0.000
        16877 | 1             | 0.000
        16850 | 1             | 0.000
        16817 | 1             | 0.000
        16810 | 1             | 0.000
        16766 | 1             | 0.000
        16755 | 1             | 0.000
        16742 | 1             | 0.000
        16741 | 1             | 0.000
        16543 | 1             | 0.000
        16487 | 1             | 0.000
        16465 | 1             | 0.000
        16444 | 1             | 0.000
        16442 | 1             | 0.000
        16435 | 1             | 0.000
        16427 | 1             | 0.000
        16401 | 1             | 0.000
        16385 | 1             | 0.000
        16384 | 1             | 0.000
        16365 | 1             | 0.000
         1636 | 1             | 0.000
        16313 | 1             | 0.000
        16285 | 1             | 0.000
        16279 | 1             | 0.000
        16276 | 1             | 0.000
         1625 | 1             | 0.000
        16202 | 1             | 0.000
        16091 | 1             | 0.000
        16049 | 1             | 0.000
         1598 | 1             | 0.000
        15965 | 1             | 0.000
        15958 | 1             | 0.000
        15935 | 1             | 0.000
        15911 | 1             | 0.000
        15893 | 1             | 0.000
        15856 | 1             | 0.000
         1579 | 1             | 0.000
        15738 | 1             | 0.000
        15711 | 1             | 0.000
         1570 | 1             | 0.000
        15682 | 1             | 0.000
        15670 | 1             | 0.000
        15658 | 1             | 0.000
        15608 | 1             | 0.000
        15556 | 1             | 0.000
         1553 | 1             | 0.000
        15508 | 1             | 0.000
        15476 | 1             | 0.000
        15418 | 1             | 0.000
        15403 | 1             | 0.000
         1537 | 1             | 0.000
        15316 | 1             | 0.000
        15267 | 1             | 0.000
        15263 | 1             | 0.000
        15168 | 1             | 0.000
        15157 | 1             | 0.000
        15111 | 1             | 0.000
        15083 | 1             | 0.000
        15042 | 1             | 0.000
        15021 | 1             | 0.000
        15009 | 1             | 0.000
        15001 | 1             | 0.000
        14988 | 1             | 0.000
        14967 | 1             | 0.000
        14905 | 1             | 0.000
        14902 | 1             | 0.000
         1489 | 1             | 0.000
        14887 | 1             | 0.000
        14856 | 1             | 0.000
        14847 | 1             | 0.000
        14753 | 1             | 0.000
        14707 | 1             | 0.000
        14690 | 1             | 0.000
        14684 | 1             | 0.000
        14622 | 1             | 0.000
        14613 | 1             | 0.000
         1451 | 1             | 0.000
        14497 | 1             | 0.000
        14489 | 1             | 0.000
        14451 | 1             | 0.000
        14435 | 1             | 0.000
        14419 | 1             | 0.000
        14410 | 1             | 0.000
        14351 | 1             | 0.000
        14317 | 1             | 0.000
        14307 | 1             | 0.000
        14298 | 1             | 0.000
        14288 | 1             | 0.000
        14284 | 1             | 0.000
        14262 | 1             | 0.000
        14187 | 1             | 0.000
        14178 | 1             | 0.000
        14110 | 1             | 0.000
        14026 | 1             | 0.000
        14025 | 1             | 0.000
        14006 | 1             | 0.000
        13962 | 1             | 0.000
        13911 | 1             | 0.000
        13902 | 1             | 0.000
        13897 | 1             | 0.000
        13889 | 1             | 0.000
        13822 | 1             | 0.000
        13810 | 1             | 0.000
        13786 | 1             | 0.000
        13753 | 1             | 0.000
        13741 | 1             | 0.000
        13734 | 1             | 0.000
        13729 | 1             | 0.000
        13716 | 1             | 0.000
        13677 | 1             | 0.000
        13562 | 1             | 0.000
        13533 | 1             | 0.000
         1353 | 1             | 0.000
        13514 | 1             | 0.000
        13494 | 1             | 0.000
        13433 | 1             | 0.000
        13400 | 1             | 0.000
        13379 | 1             | 0.000
        13325 | 1             | 0.000
         1327 | 1             | 0.000
        13254 | 1             | 0.000
        13231 | 1             | 0.000
        13222 | 1             | 0.000
        12966 | 1             | 0.000
        12964 | 1             | 0.000
        12928 | 1             | 0.000
        12922 | 1             | 0.000
        12854 | 1             | 0.000
        12809 | 1             | 0.000
        12807 | 1             | 0.000
         1274 | 1             | 0.000
        12703 | 1             | 0.000
        12702 | 1             | 0.000
        12595 | 1             | 0.000
          125 | 1             | 0.000
        12489 | 1             | 0.000
        12462 | 1             | 0.000
        12444 | 1             | 0.000
        12443 | 1             | 0.000
        12324 | 1             | 0.000
        12299 | 1             | 0.000
        12288 | 1             | 0.000
        12196 | 1             | 0.000
        12133 | 1             | 0.000
        12129 | 1             | 0.000
        12092 | 1             | 0.000
        12085 | 1             | 0.000
        12039 | 1             | 0.000
        12020 | 1             | 0.000
        11880 | 1             | 0.000
        11874 | 1             | 0.000
        11842 | 1             | 0.000
        11722 | 1             | 0.000
        11691 | 1             | 0.000
        11671 | 1             | 0.000
        11656 | 1             | 0.000
        11632 | 1             | 0.000
        11617 | 1             | 0.000
        11571 | 1             | 0.000
        11517 | 1             | 0.000
        11500 | 1             | 0.000
        11475 | 1             | 0.000
        11473 | 1             | 0.000
        11420 | 1             | 0.000
        11414 | 1             | 0.000
        11343 | 1             | 0.000
        11326 | 1             | 0.000
        11304 | 1             | 0.000
        11299 | 1             | 0.000
        11291 | 1             | 0.000
        11285 | 1             | 0.000
        11273 | 1             | 0.000
        11246 | 1             | 0.000
        11225 | 1             | 0.000
        11223 | 1             | 0.000
        11212 | 1             | 0.000
        11176 | 1             | 0.000
        11155 | 1             | 0.000
         1108 | 1             | 0.000
        11009 | 1             | 0.000
        10990 | 1             | 0.000
          109 | 1             | 0.000
        10895 | 1             | 0.000
          108 | 1             | 0.000
        10808 | 1             | 0.000
        10721 | 1             | 0.000
        10709 | 1             | 0.000
        10588 | 1             | 0.000
        10585 | 1             | 0.000
        10537 | 1             | 0.000
        10519 | 1             | 0.000
        10518 | 1             | 0.000
        10503 | 1             | 0.000
        10499 | 1             | 0.000
        10385 | 1             | 0.000
        10365 | 1             | 0.000
        10336 | 1             | 0.000
         1025 | 1             | 0.000
        10208 | 1             | 0.000
        10191 | 1             | 0.000
        10176 | 1             | 0.000
         1016 | 1             | 0.000
        10049 | 1             | 0.000
        10002 | 1             | 0.000
